9
7
2
7
74
70
48
85
46
50
81
99
16
49
48
54
46
64
51
61
51
86
200
128
36
156
128
124
72
51
53
106
64
67
107
81
71
80
29
90
128
4
11
2
4
3
3
96
103
200
13
45
84
80
72
2
5
20
47
95
53
45
96
118
82
69
154
95
120
5
142
90
7
9
2
5
3
7
12
3
15
8
8
17
3
11
120
168
123
148
125
200
167
200
6
5
5
49
81
56
54
57
60
63
69
55
72
57
65
56
18
28
73
102
55
18
17
85
58
94
72
17
49
17
20
112
61
77
46
70
46
18
60
45
24
2
59
128
80
48
11
10
10
2
2
4
5
6
10
3
19
6
63
7
9
4
4
12
2
8
6
80
124
200
200
200
156
111
55
73
85
69
153
60
41
92
77
106
200
63
43
70
69
104
4
8
2
20
2
2
4
2
107
2
172
8
6
5
66
136
8
56
85
81
4
112
5
95
11
9
62
70
133
49
11
18
4
10
2
8
33
14
2
4
36
2
74
172
59
64
8
82
63
73
4
135
47
64
137
6
2
198
9
2
107
66
68
75
92
78
68
107
44
20
76
84
135
73
200
200
200
200
2
200
200
89
200
200
131
2
24
90
26
100
200
117
200
16
8
16
9
2
93
15
5
200
99
56
200
200
73
43
13
10
12
11
4
53
25
39
44
174
89
44
39
60
19
9
2
21
3
6
65
6
100
81
64
13
60
95
77
4
4
4
3
4
3
2
3
69
58
61
2
2
100
47
55
3
132
45
200
152
118
200
183
118
180
134
72
200
200
150
77
2
2
4
15
4
141
119
99
102
63
127
38
38
36
52
76
5
30
74
90
200
136
66
2
57
49
48
51
42
71
66
2
40
68
79
21
6
65
73
73
200
51
50
4
45
26
49
44
6
134
63
2
2
3
2
2
2
64
122
200
200
4
108
200
7
5
25
17
60
16
11
21
5
6
94
43
9
12
77
85
122
3
74
125
62
62
198
200
2
135
200
155
5
13
2
4
3
13
103
4
23
3
3
23
81
87
75
55
26
85
45
82
47
54
65
81
6
87
10
5
8
2
4
9
9
2
9
4
4
2
2
187
3
200
4
5
5
5
4
5
4
168
6
67
4
5
67
3
6
5
4
5
4
4
4
5
5
3
3
42
41
52
65
27
3
43
78
58
58
53
57
3
86
2
3
3
49
2
112
101
46
90
112
7
141
3
108
112
7
147
110
2
56
11
59
9
3
5
3
14
21
3
64
68
2
43
43
19
79
52
50
73
184
148
58
47
24
12
54
200
48
65
3
2
2
3
3
2
2
78
83
88
91
97
86
45
44
119
149
35
89
61
142
78
41
131
71
72
167
40
200
3
9
4
3
4
6
5
3
4
7
9
46
32
11
22
14
25
18
24
4
8
7
7
6
5
4
3
2
3
2
2
2
5
4
3
3
4
7
4
188
4
4
7
198
88
86
200
97
82
48
200
3
53
72
3
74
2
2
2
2
5
2
46
4
177
114
4
140
200
104
185
10
78
10
68
6
10
5
98
3
5
7
6
4
3
200
4
200
3
3
75
200
12
79
46
33
15
23
16
110
4
13
110
14
200
58
94
152
87
14
3
2
54
200
79
8
86
6
83
87
180
94
8
14
72
3
99
176
78
119
93
12
104
52
62
3
87
121
92
70
10
7
91
91
92
11
2
85
2
2
22
10
3
71
17
7
3
6
3
2
3
3
4
4
85
44
64
103
119
87
87
74
68
117
88
63
95
67
3
65
82
59
4
3
8
5
3
3
8
2
3
6
6
3
2
5
4
5
2
5
64
78
41
91
5
105
122
73
105
131
46
19
55
44
68
48
7
5
192
140
121
118
140
179
200
113
200
126
96
82
3
3
54
99
2
200
85
63
6
79
58
109
7
165
65
124
8
10
88
68
58
30
98
5
7
5
5
10
3
3
3
4
2
2
2
8
117
91
91
52
38
86
3
2
2
2
3
3
2
2
2
2
3
2
9
7
107
7
6
200
147
24
195
7
9
7
2
5
4
9
3
9
8
4
2
23
3
5
2
95
5
107
48
55
118
75
43
53
49
41
52
13
43
186
44
200
83
114
200
77
165
31
167
26
200
62
73
40
61
68
63
4
7
12
58
28
200
50
59
43
25
84
4
135
75
34
82
200
15
200
200
200
200
200
200
41
158
50
68
78
93
2
40
109
107
3
59
200
104
78
85
200
63
2
4
56
8
41
5
3
54
87
52
90
79
88
62
116
58
51
65
149
74
77
76
3
76
10
37
16
19
42
10
29
47
18
22
62
200
74
97
200
70
100
84
2
12
72
7
6
5
8
2
2
4
3
200
78
60
47
47
55
3
3
2
2
6
2
2
93
154
99
17
30
17
110
7
3
5
131
63
4
6
3
7
8
3
5
6
200
200
9
60
200
123
125
122
132
2
3
3
108
77
117
36
43
83
71
90
51
66
102
91
35
85
21
107
50
139
4
118
117
182
144
3
82
4
67
104
2
9
10
2
4
5
4
4
10
9
4
5
3
49
7
12
12
136
8
8
6
3
9
6
3
6
65
27
63
71
102
92
73
33
69
11
139
94
8
8
4
5
6
13
10
5
4
5
6
7
14
4
4
3
5
5
6
10
86
6
5
139
110
188
60
113
200
175
200
200
200
79
6
2
6
7
5
2
16
6
4
200
90
8
64
59
50
78
200
200
58
200
5
4
23
21
3
11
14
15
7
7
7
13
6
6
5
5
8
7
106
69
3
63
10
77
5
53
6
63
100
3
60
35
27
6
28
75
3
200
6
14
32
12
14
20
7
200
200
200
119
200
200
158
5
76
3
5
70
65
58
3
69
127
4
4
49
84
7
57
45
4
16
65
23
21
80
14
12
71
28
6
13
18
25
43
29
18
2
4
8
5
7
107
84
26
126
160
6
2
4
3
2
4
4
111
75
2
60
82
8
2
31
2
3
41
200
75
59
54
103
80
73
6
99
53
80
118
54
57
51
9
2
4
7
65
6
70
10
10
9
76
3
85
6
46
23
9
6
6
5
3
5
3
5
4
5
3
7
3
5
3
3
4
7
6
4
7
4
5
4
4
4
8
3
4
24
7
41
64
2
3
57
12
101
82
75
44
96
82
23
7
43
43
9
61
6
24
104
4
4
9
12
23
9
7
49
146
50
59
62
160
84
49
83
6
95
47
82
70
53
60
163
104
9
53
14
66
5
49
129
83
4
45
142
2
4
3
2
5
4
2
46
5
53
3
3
79
2
18
20
71
17
3
18
35
36
34
19
91
3
200
152
3
8
4
200
200
3
65
2
4
2
81
9
4
6
5
4
9
5
3
9
5
9
5
9
8
114
3
5
7
7
3
116
64
200
2
162
116
42
144
13
119
33
6
61
5
51
4
11
11
5
87
45
95
7
8
3
4
200
131
107
136
200
47
49
129
200
84
10
61
46
84
55
47
2
130
85
2
3
2
2
78
100
3
104
78
69
83
200
95
150
52
2
54
48
44
47
60
51
51
40
54
85
69
2
23
86
2
69
101
103
2
48
4
2
4
3
2
2
110
70
61
47
53
56
198
59
47
47
48
61
43
111
107
63
58
42
5
109
2
25
200
41
53
148
136
123
24
15
24
19
140
22
22
17
161
58
138
22
200
200
4
2
8
200
200
200
101
200
2
115
3
101
81
4
41
2
62
58
6
3
3
4
6
5
11
11
11
10
144
200
200
97
109
200
106
63
60
78
54
49
60
76
65
60
52
25
2
7
108
114
61
70
112
113
50
6
85
91
108
79
112
97
93
69
51
6
45
46
8
146
8
69
5
62
93
8
47
17
38
30
26
74
6
194
184
129
138
149
140
80
200
164
4
3
6
8
3
8
7
2
5
8
2
3
4
105
200
22
50
60
150
42
41
139
79
98
21
6
200
2
200
200
6
40
6
200
200
28
4
13
13
9
7
8
13
7
11
8
6
5
4
3
10
3
12
9
85
200
114
67
4
4
5
44
4
159
200
200
28
177
200
5
200
159
162
193
5
70
8
4
51
2
7
4
200
77
71
191
176
93
44
63
162
12
66
13
200
102
70
56
46
59
17
50
42
113
50
78
2
3
5
3
3
2
3
4
3
52
61
53
5
2
28
64
85
26
46
2
8
3
63
6
3
3
3
3
60
52
63
4
5
92
2
2
139
58
3
2
2
9
3
3
29
49
86
4
200
41
45
2
4
4
6
6
5
8
5
200
12
6
21
11
19
3
14
5
8
200
200
122
57
129
78
55
54
66
60
47
60
55
115
10
72
53
117
22
200
176
3
196
84
63
200
56
2
3
2
2
133
3
66
61
152
63
59
53
200
200
2
200
200
65
200
48
2
2
122
98
66
128
2
109
9
78
200
12
200
145
102
4
67
97
4
77
72
76
4
49
11
48
46
3
54
6
66
3
64
56
71
39
62
61
66
4
10
11
5
8
20
10
4
13
5
11
11
77
94
155
75
7
63
74
53
49
89
42
7
200
64
8
106
2
6
60
7
4
12
115
17
13
5
94
2
3
3
2
2
20
5
7
25
5
5
4
3
8
5
3
7
3
2
2
5
2
9
7
3
4
13
11
12
195
3
4
4
5
4
10
11
11
9
3
142
112
167
126
111
6
8
5
8
8
25
8
9
45
16
15
47
5
51
2
5
8
5
4
3
41
45
12
195
52
200
170
9
200
21
6
34
46
89
2
50
8
107
48
200
13
54
3
4
70
14
74
3
146
200
26
28
200
30
90
200
120
98
89
55
14
3
12
82
11
19
4
4
3
107
3
3
4
3
57
39
8
4
59
82
38
9
3
3
66
155
5
200
116
84
89
43
95
97
87
2
200
105
14
7
4
26
14
11
53
16
9
71
39
3
48
30
25
42
36
54
45
109
55
74
200
83
93
130
90
76
84
66
112
137
94
116
43
62
63
29
61
173
80
44
44
88
2
3
5
21
18
3
22
2
9
6
7
3
5
9
3
7
3
96
65
50
90
72
44
2
2
14
4
7
3
9
5
5
5
3
51
5
83
42
141
107
114
146
72
110
25
3
22
26
21
3
4
19
4
9
163
9
11
68
156
88
95
178
77
82
83
68
93
142
200
119
105
48
86
71
3
77
114
45
59
72
200
62
88
111
12
10
8
3
7
27
9
4
25
3
7
62
39
52
95
76
75
2
11
11
22
2
4
9
113
44
15
10
136
95
3
9
3
24
85
3
75
3
4
2
65
199
100
3
200
24
200
200
52
200
78
200
83
108
86
66
85
86
45
51
67
60
73
62
112
133
65
57
55
128
75
77
82
61
97
4
200
167
4
79
3
44
53
119
200
149
100
13
142
81
16
5
72
200
53
198
200
55
15
200
41
70
88
126
136
54
64
75
6
4
2
9
5
2
3
2
3
5
3
127
127
100
24
88
6
85
49
96
75
4
100
61
110
67
91
141
87
5
124
75
83
27
85
200
66
76
71
69
48
72
18
61
73
65
57
105
16
18
8
200
4
3
112
17
2
2
2
2
4
2
64
6
78
48
2
200
3
147
8
190
51
31
2
3
51
67
57
131
5
6
100
89
2
69
90
17
73
3
3
3
3
3
2
3
3
3
4
3
4
3
85
93
34
91
41
85
99
40
45
3
8
56
59
3
145
2
40
3
53
68
32
27
96
79
65
3
4
6
3
8
14
151
200
27
13
4
10
9
22
37
34
2
22
2
25
3
3
28
15
31
8
21
23
27
20
22
2
24
21
24
56
52
4
3
4
55
3
15
12
10
62
10
48
24
155
6
141
99
78
48
40
47
50
154
48
3
4
7
18
22
4
6
83
67
63
90
50
87
90
3
4
3
4
4
6
4
2
2
4
185
200
74
150
165
79
116
54
153
71
7
62
121
93
77
88
127
3
2
3
3
2
84
5
68
126
63
82
3
6
7
5
5
4
3
121
102
51
66
68
2
118
5
6
4
5
3
3
2
4
10
4
4
2
9
8
11
79
4
8
5
15
3
4
6
81
13
99
8
8
8
6
4
4
80
6
85
6
6
3
126
2
153
65
26
65
50
200
92
63
36
122
3
65
200
60
149
2
2
3
2
4
2
68
59
200
44
4
58
37
33
3
75
44
52
3
3
44
67
71
54
37
23
26
23
50
81
22
117
21
27
96
123
131
92
3
47
55
119
9
7
11
11
5
2
6
9
4
5
11
8
3
104
7
21
23
25
21
83
87
179
71
76
145
91
24
83
61
87
99
43
46
118
45
8
111
125
169
161
41
105
200
117
47
64
60
58
47
44
54
44
43
46
66
40
85
44
43
161
107
105
73
121
91
159
4
6
15
13
4
3
6
2
200
10
67
69
5
93
52
50
114
79
93
76
38
144
46
52
3
200
90
184
200
157
3
62
163
2
5
200
140
14
200
3
113
61
24
155
184
80
176
10
53
2
3
7
13
10
3
7
22
6
14
23
33
2
116
2
85
3
3
2
3
41
5
10
41
40
78
148
90
6
47
156
115
25
116
55
77
75
63
73
84
51
88
125
86
50
200
58
54
55
3
200
16
52
200
61
49
58
53
12
148
3
107
71
55
3
78
3
65
2
120
2
5
78
57
141
200
2
2
73
167
58
46
137
71
160
92
200
68
89
12
44
198
49
63
200
200
5
17
11
3
4
13
13
2
2
2
4
2
2
2
5
2
6
74
200
200
8
96
159
46
130
94
3
2
3
3
4
4
3
4
39
12
49
32
3
39
2
18
48
67
7
4
3
5
2
3
56
4
83
69
7
200
15
139
104
93
59
112
97
46
91
95
57
52
200
157
8
2
72
9
2
2
2
2
2
4
3
2
46
175
45
72
151
57
49
114
123
4
4
4
60
76
75
23
56
6
6
8
7
5
5
13
2
4
10
7
150
80
106
41
51
123
200
85
102
47
71
89
4
151
100
106
168
3
30
85
200
3
200
160
71
48
151
66
169
67
16
6
6
3
154
7
5
4
4
58
85
54
4
83
70
51
2
54
6
200
131
64
14
190
3
7
3
8
3
3
2
3
9
16
4
12
5
136
4
4
8
6
6
7
122
2
80
2
2
58
45
4
2
84
3
5
44
2
82
4
7
37
34
25
39
6
49
4
74
131
17
200
66
56
10
169
110
107
142
200
3
6
85
17
19
19
21
2
4
2
2
13
13
12
5
4
47
67
51
35
88
63
70
49
18
7
3
12
2
26
24
6
12
12
56
139
125
200
85
200
184
200
90
176
200
106
140
25
4
2
4
5
51
7
197
70
125
79
69
145
56
44
149
79
129
200
138
200
166
200
200
140
51
200
200
200
99
89
19
112
164
6
98
80
116
102
7
125
4
53
105
200
172
106
146
200
136
200
200
179
79
75
88
6
67
78
6
72
50
53
98
52
57
49
79
151
137
112
172
77
95
89
45
76
67
90
82
138
2
2
4
8
2
5
54
57
107
70
57
3
45
66
17
45
49
35
63
4
57
63
200
200
69
200
49
200
200
54
67
200
24
24
33
41
46
4
55
52
70
49
49
38
27
11
27
2
200
9
200
200
6
200
5
200
3
9
6
3
200
18
71
92
65
29
14
3
58
3
2
52
3
200
3
200
5
8
4
3
60
88
64
23
59
83
149
62
63
14
16
16
19
17
16
14
23
2
2
10
6
7
11
12
19
65
9
2
114
31
24
61
6
12
3
11
5
10
8
9
4
4
12
10
7
15
3
11
7
14
143
200
126
3
90
112
116
18
200
200
102
153
120
200
100
5
97
98
60
90
61
85
6
4
6
4
3
5
7
3
28
3
5
64
41
7
61
77
48
7
48
84
6
48
3
57
38
63
3
37
8
6
54
21
33
5
41
153
100
153
12
14
4
79
4
14
11
12
17
11
3
14
200
129
3
3
156
3
74
62
102
3
54
127
42
166
50
63
5
25
12
132
90
14
200
42
46
49
57
45
44
80
12
48
74
47
6
43
3
48
55
5
3
7
6
6
5
8
5
7
4
23
5
6
21
7
17
23
8
6
20
17
17
15
11
13
20
4
6
2
4
2
5
4
3
2
40
42
50
8
79
16
50
88
51
3
61
46
21
91
63
83
3
19
142
16
14
70
104
58
90
200
74
3
160
104
200
119
93
200
181
124
6
134
92
200
2
44
5
89
4
8
8
4
94
166
10
23
133
10
117
81
2
66
102
150
43
70
66
42
68
63
48
45
102
76
65
62
22
88
45
113
55
68
85
80
79
82
71
196
45
13
61
4
2
77
55
200
200
25
60
200
200
129
112
7
2
87
97
63
61
34
2
99
106
114
54
177
97
64
130
19
5
6
5
5
2
3
18
2
5
38
6
43
42
5
3
200
3
200
9
12
42
200
57
200
53
60
200
6
103
143
200
42
64
82
59
176
53
10
60
18
106
5
75
74
200
200
60
200
73
200
200
40
200
164
78
175
96
5
136
200
137
72
71
104
163
121
5
9
7
4
175
22
49
184
200
3
3
3
3
5
61
3
4
6
67
69
6
7
2
2
3
2
3
22
200
139
187
161
47
113
84
155
117
200
119
19
179
2
88
170
200
104
90
200
136
86
24
163
38
136
55
63
75
59
77
143
3
125
32
68
111
111
72
200
92
2
6
200
119
46
122
71
4
4
161
3
5
6
23
3
200
68
3
4
81
6
5
11
10
9
4
12
2
5
3
5
10
60
151
72
65
54
66
43
94
67
3
90
46
89
3
104
200
88
148
130
64
3
111
72
102
66
64
63
124
110
53
59
45
76
70
80
52
9
68
45
61
17
6
18
3
6
9
2
11
6
6
3
24
10
6
8
3
3
6
200
9
27
8
3
8
144
3
5
14
52
3
34
50
67
6
40
44
200
200
115
4
4
5
80
149
25
59
200
200
83
53
200
200
106
120
200
200
200
121
200
2
16
2
4
5
5
2
6
7
183
2
2
5
74
26
17
2
35
81
147
31
11
100
3
68
4
86
200
52
42
17
85
131
17
16
8
58
200
10
88
5
57
24
200
2
3
49
53
58
40
59
2
5
47
61
61
27
61
200
74
186
2
139
82
24
200
131
75
88
8
2
3
2
8
6
3
2
2
62
98
54
47
24
30
92
72
4
98
68
63
50
48
76
46
14
105
47
11
37
42
78
136
138
5
5
123
151
5
30
200
48
200
146
81
200
148
58
122
3
68
55
31
53
55
97
200
2
6
200
200
121
23
94
3
2
3
3
2
51
2
106
3
2
2
3
2
2
2
3
2
4
3
3
60
43
57
8
144
68
7
8
63
29
27
3
144
6
12
4
4
192
2
2
4
200
87
180
200
200
7
7
4
135
127
140
154
6
4
149
4
62
64
2
48
49
66
45
3
200
2
4
110
2
21
3
2
200
3
48
47
72
63
43
55
193
139
116
128
3
57
51
41
45
42
55
72
64
62
51
2
45
6
2
46
90
84
172
28
19
30
89
52
2
17
52
8
3
77
54
130
56
75
90
73
26
3
47
69
121
15
2
23
6
6
6
6
5
5
4
4
5
5
24
72
100
62
2
59
67
68
110
91
102
3
93
79
65
55
9
69
73
14
14
18
193
9
7
9
5
23
7
3
24
9
13
2
3
3
29
3
4
5
6
60
91
87
67
69
119
60
101
70
6
87
83
71
9
5
9
3
4
15
6
4
91
98
15
22
59
149
3
67
130
6
4
2
3
3
4
4
2
2
2
3
13
2
101
90
50
99
10
47
79
60
111
5
200
200
69
159
56
160
3
2
56
2
2
52
2
161
32
3
3
97
59
79
48
48
53
89
3
87
58
7
66
4
68
67
45
6
3
6
6
3
3
12
11
5
6
8
3
7
5
2
3
2
2
4
2
2
80
91
167
200
84
200
148
68
166
31
26
95
143
185
129
90
200
200
9
4
151
200
194
4
27
60
8
6
7
2
8
3
7
10
4
186
124
80
84
2
200
200
60
74
24
3
4
2
4
3
9
17
2
2
50
2
95
4
5
4
4
5
5
94
5
11
12
59
3
47
69
9
12
10
3
4
11
47
3
35
138
53
2
75
180
110
66
2
83
45
200
200
200
43
155
200
159
200
200
126
2
117
200
7
5
200
7
200
2
15
2
2
6
74
13
7
55
2
73
175
79
163
124
57
200
4
21
3
65
4
3
9
2
4
6
13
2
6
2
3
51
2
41
48
89
4
200
42
6
72
81
4
4
178
140
195
2
63
200
200
79
3
77
67
10
61
113
27
49
46
49
29
64
79
15
57
111
51
86
3
61
61
62
59
55
185
200
87
93
6
172
3
2
2
121
91
2
103
2
3
115
62
3
3
200
106
2
87
200
14
4
7
3
86
90
170
24
27
7
42
47
200
200
200
200
181
11
6
61
127
5
101
6
81
29
3
4
6
2
4
27
42
77
92
53
58
180
64
104
63
92
62
74
65
132
193
52
100
9
2
39
45
45
85
56
22
3
83
98
6
8
14
9
10
6
6
3
5
5
39
7
2
3
3
5
8
3
5
3
3
3
6
5
49
58
107
47
3
4
46
10
3
200
30
53
4
24
11
46
33
200
4
56
200
67
85
200
44
4
3
36
4
4
3
9
11
28
16
8
13
11
8
8
12
17
4
2
5
8
13
3
20
2
8
117
3
58
5
10
79
118
41
48
142
99
75
43
3
78
8
65
90
200
42
51
44
5
93
25
68
25
2
2
26
21
71
4
4
4
5
2
2
10
9
3
2
4
2
86
3
3
6
4
41
18
18
20
19
18
70
86
2
4
20
9
8
8
13
50
8
8
45
68
61
43
44
71
99
102
64
96
3
60
73
61
157
49
95
64
70
2
2
2
2
2
68
27
6
11
103
43
105
10
11
17
61
134
100
5
8
94
176
5
13
14
13
14
5
12
15
15
5
8
3
15
85
19
84
13
24
162
4
82
127
30
97
84
90
4
200
120
74
7
32
94
74
95
122
103
190
74
8
40
85
40
2
58
200
128
8
45
42
2
2
2
62
4
4
5
130
3
54
61
64
2
45
78
8
85
55
139
184
87
75
60
31
186
7
7
3
10
7
6
2
43
82
57
2
61
2
3
106
96
2
68
3
200
200
113
200
148
200
82
38
3
2
3
51
3
9
65
7
23
17
4
14
32
171
3
74
6
5
92
58
200
3
93
5
8
15
6
5
3
200
4
3
49
65
68
10
9
106
158
165
3
84
43
67
135
82
44
167
2
8
2
8
7
2
68
106
23
13
144
96
2
88
43
200
6
9
46
9
2
3
3
68
3
3
2
3
79
3
5
7
3
6
3
46
4
4
15
13
10
16
24
54
170
16
2
38
73
36
8
65
85
195
162
82
136
181
71
2
94
93
125
69
86
7
76
132
97
12
21
22
4
23
3
37
21
23
2
20
23
20
20
93
200
44
51
98
4
92
128
33
3
104
93
43
48
106
133
68
94
43
48
91
9
14
13
4
9
11
22
3
3
2
3
11
2
3
45
100
4
81
33
49
200
79
2
44
85
159
153
4
39
81
23
2
2
39
41
23
62
165
2
3
15
3
7
2
3
3
4
14
82
68
99
68
85
53
49
91
27
102
61
187
126
6
200
154
68
6
8
24
2
3
3
3
16
11
3
8
6
7
2
7
4
6
5
4
2
78
5
76
57
71
55
103
43
81
145
3
125
5
88
123
9
69
127
200
82
25
6
2
26
24
6
19
8
10
3
9
8
4
12
3
3
6
3
3
96
23
2
2
3
66
2
45
51
3
4
3
2
6
3
2
2
2
41
6
4
45
34
23
108
4
200
200
200
63
66
83
172
67
172
42
107
51
163
72
68
94
51
73
48
2
4
2
2
3
8
24
10
2
2
190
9
5
12
12
6
2
7
8
4
6
8
6
200
160
132
159
118
200
108
97
90
2
57
92
57
54
67
75
68
174
58
70
51
77
200
94
125
58
22
57
131
77
81
2
70
55
162
5
4
19
78
66
86
170
68
117
46
61
116
44
3
10
6
6
6
21
9
9
3
6
4
10
4
116
3
72
2
98
73
82
3
143
60
112
104
68
11
2
96
8
77
6
8
89
5
6
6
200
5
200
84
4
11
71
124
200
95
69
61
17
52
50
94
43
106
104
59
61
2
2
2
2
2
2
2
2
2
6
9
3
3
6
47
12
55
3
6
5
41
54
53
2
5
21
18
26
3
4
4
24
12
153
18
6
4
25
57
21
200
4
2
56
69
2
2
9
11
68
2
29
31
73
18
3
4
47
79
21
83
132
48
52
86
133
100
62
65
61
73
41
64
143
67
61
139
71
73
121
72
167
42
44
47
16
128
3
9
88
4
6
61
66
6
190
56
131
26
109
27
76
43
63
5
7
6
3
47
6
74
67
4
22
2
4
21
7
24
2
3
6
3
4
4
3
200
148
75
63
89
58
134
114
200
200
92
200
2
144
69
2
13
2
46
200
39
186
5
15
4
32
3
52
18
15
10
2
20
9
2
6
3
2
3
3
21
6
3
75
45
45
50
45
8
3
46
4
62
137
18
7
18
95
6
200
179
200
22
11
200
3
53
7
4
50
39
61
50
2
179
48
74
99
70
3
2
48
41
95
70
51
200
186
183
181
152
200
2
80
4
3
2
2
17
30
54
5
45
91
46
2
84
73
106
89
81
42
2
67
70
62
44
86
150
200
74
90
60
161
130
2
26
200
2
3
64
200
200
133
2
7
55
115
3
170
53
6
200
7
2
200
200
200
9
68
6
90
121
40
107
53
13
8
6
6
7
4
5
2
2
3
3
61
92
33
118
64
85
53
130
44
12
10
11
7
18
13
12
16
66
69
40
74
62
108
5
5
3
6
6
181
200
200
97
112
71
112
111
7
43
3
30
28
65
49
58
123
3
5
4
2
6
3
4
6
5
8
6
78
96
200
169
61
94
108
88
98
2
76
2
5
3
200
134
200
79
129
200
13
113
26
7
4
8
4
2
11
11
12
19
9
3
5
13
11
11
8
14
8
7
14
4
4
3
60
4
4
6
4
181
200
118
110
200
4
95
84
83
3
6
57
76
63
10
3
3
131
113
87
136
200
102
194
62
200
2
42
10
67
3
7
16
11
7
7
14
6
9
10
10
8
58
92
103
89
65
102
103
100
64
3
3
142
150
7
74
125
3
200
2
2
2
102
2
4
4
56
4
4
4
10
5
4
5
4
5
6
93
53
88
67
55
6
69
3
55
136
200
96
3
129
8
200
200
159
3
167
200
200
3
4
3
3
5
2
2
5
5
5
4
13
9
11
64
2
64
101
82
5
6
2
6
12
200
2
2
47
75
10
8
31
10
81
9
139
166
50
150
76
2
87
3
200
200
10
9
9
6
8
7
6
10
62
50
56
85
53
48
50
45
48
13
2
4
3
2
2
3
2
4
53
44
8
20
3
56
43
60
66
41
25
67
33
59
8
25
10
2
29
20
44
3
46
122
58
4
7
14
3
61
7
101
82
77
6
102
105
5
8
3
7
7
4
3
2
7
4
40
59
51
2
122
9
68
45
10
44
54
143
10
18
4
123
11
11
3
3
9
4
72
61
153
148
15
169
79
195
81
52
69
5
4
7
6
6
7
5
4
60
200
110
54
200
200
147
4
2
2
3
6
2
2
3
2
2
15
14
16
22
19
52
15
27
84
11
21
3
2
9
30
10
9
12
12
2
30
70
105
106
155
89
90
8
5
6
4
3
4
3
12
14
5
39
2
98
13
12
12
7
12
8
4
4
2
18
2
85
42
59
50
2
60
2
15
168
12
2
54
200
175
134
200
160
144
178
12
91
2
60
8
8
8
11
24
4
25
2
43
6
13
5
7
2
3
3
72
142
14
60
144
17
105
74
4
8
4
2
3
3
4
4
95
200
100
61
137
67
19
7
5
29
14
107
11
37
15
67
19
10
15
14
8
33
80
8
5
2
3
3
2
3
3
3
3
5
4
7
50
24
69
50
51
2
46
79
70
60
136
96
83
115
79
106
123
73
100
200
24
200
7
4
54
54
3
52
62
71
10
62
48
49
7
63
44
60
54
58
3
13
21
3
200
60
4
100
62
70
43
92
77
15
62
88
3
69
46
59
74
119
41
12
39
122
83
111
2
2
12
3
2
143
200
6
98
200
5
6
6
2
4
4
2
6
5
110
21
2
14
82
3
10
98
6
177
57
113
60
151
107
81
89
44
3
4
17
10
3
6
3
33
149
129
200
60
21
131
123
34
6
5
3
25
20
21
6
115
54
63
41
200
138
115
47
200
131
53
3
56
9
62
9
15
18
4
6
2
8
5
5
6
6
6
191
74
191
23
179
3
28
200
145
4
130
167
79
46
50
125
70
81
93
66
88
200
127
90
44
27
111
24
6
151
200
36
12
170
159
173
69
84
49
56
6
2
14
4
2
3
2
2
2
131
132
2
21
60
13
2
2
7
22
180
69
48
7
173
94
61
53
54
2
4
3
15
5
7
2
14
2
5
4
7
55
58
3
6
70
62
2
39
49
200
44
3
5
3
4
2
2
3
2
4
15
21
4
24
10
17
12
135
22
15
7
14
6
3
4
60
48
67
63
59
49
55
4
80
57
42
7
86
7
2
68
102
62
5
2
95
3
5
3
4
57
189
200
91
3
76
23
200
151
51
18
200
200
122
135
170
115
86
169
58
79
107
200
82
4
3
2
20
2
5
4
36
42
11
13
4
200
28
7
12
4
17
5
95
11
16
73
4
3
83
4
11
6
6
18
15
6
11
12
5
6
100
196
19
10
6
5
101
3
64
155
3
39
22
25
86
79
64
200
3
80
200
139
50
79
200
26
200
66
200
200
5
55
34
108
101
81
94
99
47
3
92
86
118
6
11
2
7
44
4
89
55
5
7
7
2
2
2
2
2
5
7
6
5
165
131
138
18
42
73
51
185
83
107
130
2
200
200
57
7
3
7
6
6
2
6
7
4
3
4
105
200
11
10
44
76
105
5
3
82
4
99
63
60
64
200
4
17
36
18
2
19
22
46
19
80
50
53
112
117
128
107
91
100
116
97
200
120
125
56
4
8
69
4
6
5
8
62
4
117
67
200
4
109
93
2
138
19
58
6
120
3
200
45
3
79
71
3
2
3
178
103
200
9
48
6
6
4
4
4
2
17
2
2
17
111
118
2
4
200
120
8
124
58
101
168
59
62
5
111
200
75
5
4
200
200
58
46
45
46
76
50
69
47
20
52
8
11
56
50
16
4
7
98
3
50
2
50
48
93
3
4
6
6
6
23
6
6
52
68
42
42
25
56
46
56
88
8
5
2
2
53
6
40
3
19
91
3
29
26
5
200
3
21
4
3
6
5
9
5
3
4
4
9
131
75
76
55
85
106
81
7
2
9
12
12
7
11
6
2
8
12
10
10
3
6
3
5
11
6
2
5
45
46
68
4
81
2
6
88
111
31
117
20
133
92
72
117
18
106
111
4
97
68
23
3
59
44
51
65
53
65
54
67
45
3
98
81
97
80
200
96
77
111
6
174
78
161
86
2
160
103
9
2
2
5
4
72
55
87
115
43
50
41
51
77
35
59
49
57
47
82
138
197
139
54
194
200
175
139
200
45
200
200
72
101
200
83
200
53
5
200
9
193
200
48
65
47
139
11
78
66
116
77
76
71
139
119
110
200
200
3
4
3
7
2
4
2
5
3
4
9
10
17
28
7
6
18
16
45
36
41
49
45
53
45
45
112
48
7
7
3
111
3
7
7
76
6
4
3
3
27
61
6
3
5
3
2
66
200
72
11
57
56
61
52
96
55
82
44
50
70
63
2
3
4
89
3
2
3
3
5
2
2
2
3
3
4
2
45
60
90
67
30
91
48
55
152
82
28
5
4
10
11
6
16
5
10
8
18
7
53
50
8
43
23
166
149
90
68
68
200
67
65
57
79
101
59
136
67
122
124
160
132
156
199
116
57
50
171
60
85
9
59
15
20
18
11
41
119
16
59
7
18
200
200
5
26
3
2
2
5
2
2
2
23
35
54
125
93
55
167
77
27
74
2
7
11
11
3
84
8
4
21
200
90
14
10
123
200
48
20
7
52
5
3
45
7
13
79
38
70
47
68
53
118
51
33
51
121
46
10
200
74
25
102
122
97
53
52
8
8
22
104
102
200
30
53
4
4
7
6
3
71
59
47
132
32
48
161
28
50
45
159
49
3
9
4
5
17
20
2
12
13
6
17
6
21
47
19
9
14
16
8
9
13
41
109
200
130
200
153
200
66
200
96
17
24
3
6
16
18
3
18
18
5
9
2
25
3
4
12
18
10
3
3
2
3
73
12
83
8
3
100
4
5
102
105
41
83
91
103
110
45
110
78
75
119
69
43
9
90
52
200
31
200
200
164
54
200
200
200
94
10
70
165
150
14
9
89
2
112
102
107
7
76
79
178
29
112
17
163
3
3
9
57
2
72
2
22
15
14
30
21
7
2
200
172
181
135
164
200
171
4
7
2
3
200
3
3
3
3
2
5
7
52
72
9
4
90
193
152
186
105
103
4
54
200
3
13
4
6
3
50
78
58
78
94
75
59
97
57
88
2
52
3
4
4
3
3
3
2
3
2
3
74
75
9
84
52
21
23
22
200
12
19
7
6
3
3
9
4
3
7
3
4
3
200
51
200
200
2
200
200
133
200
83
108
168
109
15
100
73
98
171
113
131
165
8
137
67
200
95
71
122
62
71
37
43
200
52
11
53
45
3
13
41
3
6
4
13
3
7
7
3
10
3
7
13
77
7
6
67
30
41
51
41
77
93
36
54
69
78
84
181
101
110
8
200
7
3
2
5
3
5
3
3
6
65
68
67
177
51
184
8
70
43
62
49
68
23
13
6
12
6
17
2
2
3
2
6
3
2
74
2
2
4
2
4
11
8
9
32
27
4
158
25
4
83
64
110
13
8
10
4
109
21
6
4
6
19
22
40
20
10
144
20
2
136
14
28
9
45
13
24
6
7
20
26
28
4
11
11
2
6
3
4
6
9
200
200
200
200
200
200
200
31
3
16
8
17
5
13
2
9
10
3
61
58
57
149
58
60
188
88
43
7
72
52
5
2
74
4
6
64
3
47
2
2
9
3
3
3
2
3
2
146
104
48
63
140
109
160
78
200
2
127
2
168
73
87
91
74
119
87
74
44
58
59
85
36
200
78
92
8
48
6
5
12
4
10
8
9
7
5
5
23
12
14
3
45
14
81
68
15
44
5
124
200
99
47
47
93
64
121
110
91
134
167
172
2
4
3
91
13
3
6
3
3
168
3
2
3
5
122
2
151
9
19
9
80
123
70
50
152
15
89
44
4
2
5
4
7
6
10
5
161
6
3
21
98
5
77
55
71
72
107
18
31
13
34
4
15
4
12
13
199
200
180
200
49
185
95
167
200
200
3
7
9
5
12
193
5
14
43
51
5
5
56
12
31
7
4
3
3
43
68
20
24
24
84
21
72
20
40
25
36
145
111
69
139
87
63
39
98
162
67
200
6
200
93
128
174
139
73
103
186
35
126
50
69
168
124
51
6
87
128
68
81
65
125
49
3
70
3
7
7
102
200
48
2
3
3
2
200
3
2
5
116
2
200
13
88
115
8
78
105
14
89
174
48
126
7
20
67
30
43
34
49
44
33
21
200
175
185
200
200
10
200
200
165
3
200
174
92
60
84
72
85
17
57
6
41
57
43
63
67
116
40
57
54
114
62
57
47
9
4
200
6
16
5
24
6
59
29
29
42
42
3
7
27
4
4
8
41
4
2
6
65
5
7
7
4
7
5
4
4
3
2
3
5
6
15
9
9
13
10
8
6
6
10
9
7
10
3
8
5
3
5
86
12
5
117
4
7
7
7
4
14
6
16
3
21
23
3
2
4
4
6
3
3
6
3
2
4
4
2
5
5
2
49
61
111
10
46
36
2
126
46
45
69
45
55
6
200
185
200
200
65
200
82
200
195
200
78
13
7
11
11
11
14
11
13
11
9
200
200
200
180
56
200
168
36
176
2
7
58
68
54
51
56
46
22
50
37
14
46
4
5
27
44
5
3
21
3
4
2
72
119
103
102
11
43
106
2
16
200
99
56
161
4
14
58
48
66
65
61
70
200
2
81
113
78
4
15
4
3
5
2
3
3
55
5
2
4
3
4
7
6
5
200
8
153
6
8
200
179
7
2
3
4
2
2
4
92
2
9
3
8
12
10
5
4
7
11
4
13
153
116
60
101
6
57
71
3
43
14
5
4
6
192
10
200
3
4
112
32
58
16
12
2
4
10
2
19
3
9
47
8
11
3
5
2
27
8
3
23
16
15
2
36
34
14
15
17
66
200
94
82
63
187
98
200
85
41
73
160
53
4
18
136
3
64
200
130
191
4
200
123
92
200
49
60
95
4
9
13
3
11
11
85
197
57
124
20
3
3
200
4
68
8
143
3
5
4
8
69
80
74
55
47
51
117
2
61
67
199
139
2
200
106
64
200
142
163
3
2
200
14
11
3
17
15
93
13
93
18
3
35
10
10
11
16
12
8
19
3
7
167
52
80
44
58
43
135
92
3
5
15
41
3
48
87
45
54
53
3
3
3
2
2
3
151
2
3
96
84
106
68
65
83
77
63
66
147
2
72
105
49
118
110
6
13
63
15
3
6
3
3
3
5
15
4
6
52
4
29
6
3
7
4
10
4
7
7
5
11
5
170
200
102
45
2
200
14
2
3
3
3
3
2
2
11
200
192
94
134
23
88
70
191
79
167
2
160
194
78
200
7
2
4
3
2
10
200
7
49
2
9
200
200
56
200
2
4
122
200
200
2
2
3
2
4
8
14
5
18
4
14
2
3
7
7
75
190
66
51
200
173
79
17
200
55
65
70
64
133
4
200
4
85
200
144
58
138
200
79
67
86
78
200
63
6
6
5
3
10
8
4
3
7
7
13
7
2
4
4
41
4
6
12
3
12
3
30
8
3
9
5
13
13
11
10
6
6
3
46
53
42
45
3
55
7
197
113
4
87
3
70
3
78
107
96
58
69
2
4
8
2
2
4
3
18
3
5
2
3
4
7
6
11
4
9
8
2
2
5
2
5
2
4
5
8
15
6
7
3
7
10
64
68
3
93
52
31
2
76
16
97
162
200
2
110
129
200
63
3
110
3
2
5
5
4
2
5
2
5
3
3
4
5
90
62
200
22
28
116
190
106
98
185
193
200
120
200
200
200
107
200
200
200
162
21
135
163
128
200
105
19
10
92
200
62
107
45
89
99
95
53
65
94
115
7
72
62
71
74
23
50
82
61
65
5
9
7
87
6
10
3
4
13
29
26
200
12
2
46
2
15
2
2
20
57
74
5
98
71
24
57
23
55
123
144
200
132
4
48
2
2
83
4
44
60
3
5
107
60
2
5
63
27
30
3
101
54
107
59
3
6
57
68
98
78
65
104
89
61
81
75
93
6
6
3
107
